insert_cache_51, atmospheric psychedelic breathtaking glowing translucent enchanting 
insert_cache_51, atmospheric psychedelic breathtaking glowing translucent enchanting 
insert_cache_51, atmospheric psychedelic breathtaking glowing translucent enchanting 
insert_cache_51, atmospheric psychedelic breathtaking glowing translucent enchanting 
insert_cache_51, big baby the rapper 
insert_cache_51, artwork by mr cartoon 
insert_cache_51, artwork by mr cartoon 
insert_cache_51, artwork by mr cartoon 
insert_cache_51, artwork by mr cartoon 
insert_cache_51, nightcore by davinci 
insert_cache_51, nightcore by davinci 
insert_cache_51, nightcore by davinci 
insert_cache_51, nightcore by davinci 
insert_cache_51, nightcore by davinci 
insert_cache_51, nightcore by davinci 
insert_cache_51, nightcore by davinci 
insert_cache_51, nightcore by davinci 
insert_cache_51, portrait of the average british person 
insert_cache_51, your brain on adderall 
insert_cache_51, your brain on adderall 
insert_cache_51, your brain on adderall 
insert_cache_51, your brain on adderall 
insert_cache_51, nightcore 
insert_cache_51, nightcore 
insert_cache_51, nightcore 
insert_cache_51, impressive art by rubens 
insert_cache_51, nightcore 
insert_cache_51, reverse piano 
insert_cache_51, reverse piano 
insert_cache_51, reverse piano 
insert_cache_51, reverse piano 
insert_cache_51, a very real engine 
insert_cache_51, a loaf of bread 
insert_cache_51, 🤨 
insert_cache_51, oogala boogala 
insert_cache_51, harry potters new job 
insert_cache_51, cartoon booger 
insert_cache_51, kazekaze 
insert_cache_51, kazekaze 
insert_cache_51, kazekaze 
insert_cache_51, kazekaze 
insert_cache_51, tonight i'm gonna have myself a real good time i feel alive and the world i'll turn it inside out, yeah i'm floating around in ecstasy 
insert_cache_51, tonight i'm gonna have myself a real good time i feel alive and the world i'll turn it inside out, yeah i'm floating around in ecstasy 
insert_cache_51, tonight i'm gonna have myself a real good time i feel alive and the world i'll turn it inside out, yeah i'm floating around in ecstasy 
insert_cache_51, tonight i'm gonna have myself a real good time i feel alive and the world i'll turn it inside out, yeah i'm floating around in ecstasy 
insert_cache_51, gta style house 
insert_cache_51, 🧨🔪 
insert_cache_51, 🧨🔪 
insert_cache_51, 🧨🔪 
insert_cache_51, 🧨🔪 
insert_cache_51, anime, anime, anime, anime, anime, anime, anime, anime, anime, anime, anime, anime, anime, anime, anime, anime, anime, anime, anime, anime, anime 
insert_cache_51, breaking bad meme 
insert_cache_51, breaking bad meme 
insert_cache_51, breaking bad meme 
insert_cache_51, breaking bad meme 
insert_cache_51, 🐣 
insert_cache_51, jungkook 
insert_cache_51, geometric constructions 
insert_cache_51, geometric constructions 
insert_cache_51, geometric constructions 
insert_cache_51, geometric constructions 
insert_cache_51, damn i hate censorship 
insert_cache_51, portrait of 
insert_cache_51, portrait of 
insert_cache_51, portrait of 
insert_cache_51, portrait of 
insert_cache_51, the sound of music 
insert_cache_51, pattern, like a texture, just off 
insert_cache_51, undefined 
insert_cache_51, undefined 
insert_cache_51, undefined 
insert_cache_51, undefined 
insert_cache_51, time moving to the future glorifying the past time moving to the future glorifying the past time moving to the future glorifying the past time moving to the future glorifying the past, maximalist dreamy abstract retropunk futurepunk 
insert_cache_51, time moving to the future glorifying the past time moving to the future glorifying the past time moving to the future glorifying the past time moving to the future glorifying the past, maximalist dreamy abstract retropunk futurepunk 
insert_cache_51, some blue lines and a dot 
insert_cache_51, time moving to the future glorifying the past time moving to the future glorifying the past time moving to the future glorifying the past time moving to the future glorifying the past, maximalist dreamy abstract retropunk futurepunk 
insert_cache_51, time moving to the future glorifying the past time moving to the future glorifying the past time moving to the future glorifying the past time moving to the future glorifying the past, maximalist dreamy abstract retropunk futurepunk 
insert_cache_51, time time time time time moving to the future future future future future glorifying glorifying glorifying glorifying the past past past past past, maximalist dreamy abstract retropunk futurepunk 
insert_cache_51, time time time time time moving to the future future future future future glorifying glorifying glorifying glorifying the past past past past past, maximalist dreamy abstract retropunk futurepunk 
insert_cache_51, a person realizing he will die one day, despair, loneliness, sadness, empthyness 
insert_cache_51, a person realizing he will die one day, despair, loneliness, sadness, empthyness 
insert_cache_51, a person realizing he will die one day, despair, loneliness, sadness, empthyness 
insert_cache_51, time time time time time moving to the future future future future future glorifying glorifying glorifying glorifying the past past past past past, maximalist dreamy abstract retropunk futurepunk 
insert_cache_51, time time time time time moving to the future future future future future glorifying glorifying glorifying glorifying the past past past past past, maximalist dreamy abstract retropunk futurepunk 
insert_cache_51, a person realizing he will die one day, despair, loneliness, sadness, empthyness 
insert_cache_51, a mother is told her kids are missing, despair, loneliness, sadness, empthyness 
insert_cache_51, a mother is told her kids are missing, despair, loneliness, sadness, empthyness 
insert_cache_51, a mother is told her kids are missing, despair, loneliness, sadness, empthyness 
insert_cache_51, a mother is told her kids are missing, despair, loneliness, sadness, empthyness 
insert_cache_51, time time time time time moving to the future future future future future glorifying glorifying glorifying glorifying the past past past past past, maximalist dreamy abstract retropunk futurepunk clockpunk 
insert_cache_51, time time time time time moving to the future future future future future glorifying glorifying glorifying glorifying the past past past past past, maximalist dreamy abstract retropunk futurepunk clockpunk 
insert_cache_51, time time time time time moving to the future future future future future glorifying glorifying glorifying glorifying the past past past past past, maximalist dreamy abstract retropunk futurepunk clockpunk 
insert_cache_51, time time time time time moving to the future future future future future glorifying glorifying glorifying glorifying the past past past past past, maximalist dreamy abstract retropunk futurepunk clockpunk 
insert_cache_51, time time time time time moving to the future future future future future glorifying glorifying glorifying glorifying the past past past past past, portals!!!!!!!!!!!!!!!!!!, maximalist dreamy abstract retropunk futurepunk clockpunk 
insert_cache_51, time time time time time moving to the future future future future future glorifying glorifying glorifying glorifying the past past past past past, portals!!!!!!!!!!!!!!!!!!, maximalist dreamy abstract retropunk futurepunk clockpunk 
insert_cache_51, time time time time time moving to the future future future future future glorifying glorifying glorifying glorifying the past past past past past, portals!!!!!!!!!!!!!!!!!!, maximalist dreamy abstract retropunk futurepunk clockpunk 
insert_cache_51, time time time time time moving to the future future future future future glorifying glorifying glorifying glorifying the past past past past past, portals!!!!!!!!!!!!!!!!!!, maximalist dreamy abstract retropunk futurepunk clockpunk 
insert_cache_51, dog 
insert_cache_51, time time time time time moving to the future future future future future glorifying glorifying glorifying glorifying the past past past past past, portals!!!!!!!!!!!!!!!!!!, minimalist dreamy abstract retropunk futurepunk clockpunk 
hit 99 times, current hit rate is 0.023982558139534885
insert_cache_51, time time time time time moving to the future future future future future glorifying glorifying glorifying glorifying the past past past past past, portals!!!!!!!!!!!!!!!!!!, minimalist dreamy abstract retropunk futurepunk clockpunk 
insert_cache_51, dog 
insert_cache_51, dog 
insert_cache_51, time time time time time moving to the future future future future future glorifying glorifying glorifying glorifying the past past past past past, portals!!!!!!!!!!!!!!!!!!, minimalist dreamy abstract retropunk futurepunk clockpunk 
insert_cache_51, time time time time time moving to the future future future future future glorifying glorifying glorifying glorifying the past past past past past, portals!!!!!!!!!!!!!!!!!!, minimalist dreamy abstract retropunk futurepunk clockpunk 
insert_cache_51, dog 
insert_cache_51, time time time time time moving to the future future future future future glorifying glorifying glorifying glorifying the past past past past past, portals!!!!!!!!!!!!!!!!!!, maximalist dreamy abstract retropunk futurepunk clockpunk 
insert_cache_51, time time time time time moving to the future future future future future glorifying glorifying glorifying glorifying the past past past past past, portals!!!!!!!!!!!!!!!!!!, maximalist dreamy abstract retropunk futurepunk clockpunk 
insert_cache_51, time time time time time moving to the future future future future future glorifying glorifying glorifying glorifying the past past past past past, portals!!!!!!!!!!!!!!!!!!, maximalist dreamy abstract retropunk futurepunk clockpunk 
insert_cache_51, time time time time time moving to the future future future future future glorifying glorifying glorifying glorifying the past past past past past, portals!!!!!!!!!!!!!!!!!!, maximalist dreamy abstract retropunk futurepunk clockpunk 
insert_cache_51, time time time time time moving to the future future future future future glorifying glorifying glorifying glorifying the past past past past past, portals!!!!!!!!!!!!!!!!!!, maximalist dreamy abstract retropunk futurepunk clockpunk 
insert_cache_51, time time time time time moving to the future future future future future glorifying glorifying glorifying glorifying the past past past past past, portals!!!!!!!!!!!!!!!!!!, maximalist dreamy abstract retropunk futurepunk clockpunk 
insert_cache_51, time time time time time moving to the future future future future future glorifying glorifying glorifying glorifying the past past past past past, portals!!!!!!!!!!!!!!!!!!, maximalist dreamy abstract retropunk futurepunk clockpunk 
insert_cache_51, time time time time time moving to the future future future future future glorifying glorifying glorifying glorifying the past past past past past, portals!!!!!!!!!!!!!!!!!!, maximalist dreamy abstract retropunk futurepunk clockpunk 
insert_cache_51, time time time time time moving to the future future future future future glorifying glorifying glorifying glorifying the past past past past past, portals!!!!!!!!!!!!!!!!!!, maximalist dreamy abstract retropunk futurepunk clockpunk 
insert_cache_51, time time time time time moving to the future future future future future glorifying glorifying glorifying glorifying the past past past past past, portals!!!!!!!!!!!!!!!!!!, maximalist dreamy abstract retropunk futurepunk clockpunk 
insert_cache_51, time time time time time moving to the future future future future future glorifying glorifying glorifying glorifying the past past past past past, portals!!!!!!!!!!!!!!!!!!, maximalist dreamy abstract retropunk futurepunk clockpunk 
insert_cache_51, time time time time time moving to the future future future future future glorifying glorifying glorifying glorifying the past past past past past, portals!!!!!!!!!!!!!!!!!!, maximalist dreamy abstract retropunk futurepunk clockpunk 
insert_cache_51, time time time time time time time time moving to the future future future future future glorifying glorifying glorifying the past past past past past past past past, portals!!!!!!!!!!!!!!!!!!, maximalist dreamy abstract retropunk futurepunk clockpunk 
insert_cache_51, time time time time time time time time moving to the future future future future future glorifying glorifying glorifying the past past past past past past past past, portals!!!!!!!!!!!!!!!!!!, maximalist dreamy abstract retropunk futurepunk clockpunk 
insert_cache_51, time time time time time time time time moving to the future future future future future glorifying glorifying glorifying the past past past past past past past past, portals!!!!!!!!!!!!!!!!!!, maximalist dreamy abstract retropunk futurepunk clockpunk 
insert_cache_51, time time time time time time time time moving to the future future future future future glorifying glorifying glorifying the past past past past past past past past, portals!!!!!!!!!!!!!!!!!!, maximalist dreamy abstract retropunk futurepunk clockpunk 
insert_cache_51, lost city of atlantis, water, gold, damaged 
insert_cache_51, lost city of atlantis, water, gold, damaged 
insert_cache_51, william kent stylized 
insert_cache_51, lost city of atlantis, water, gold, damaged 
insert_cache_51, lost city of atlantis, water, gold, damaged 
insert_cache_51, minecraft 2 beta 
insert_cache_51, minecraft 2 beta 
insert_cache_51, minecraft 2 beta 
insert_cache_51, minecraft 2 beta 
insert_cache_51, copy and pasted image 
insert_cache_51, all in all there is another brick in the wall 
insert_cache_51, spooky pattern 
insert_cache_51, spooky pattern 
insert_cache_51, spooky pattern 
insert_cache_51, spooky pattern 
insert_cache_51, 🤓 
insert_cache_51, World War 4
insert_cache_51, cursed video nana82573
insert_cache_51, cursed video nana82573
insert_cache_51, cursed video nana82573
insert_cache_51, cursed video nana82573
insert_cache_51, cursed video nana82573
insert_cache_51, cursed video nana82573
insert_cache_51, cursed video nana82573
insert_cache_51, cursed video nana82573
insert_cache_51, cursed video nana82573
insert_cache_51,  A portrait of a wizard 
insert_cache_51,  A portrait of a wizard 
insert_cache_51,  A portrait of a wizard 
insert_cache_51,  A portrait of a wizard 
insert_cache_51,  A portrait of a wizard 
insert_cache_51,  A portrait of a wizard 
insert_cache_51,  A portrait of a wizard 
insert_cache_51,  A portrait of a wizard 
insert_cache_51,  A portrait of a wizard 
insert_cache_51, Jeff Bezos on
insert_cache_51, A person dreaming of making prompts
insert_cache_51, a close up shot of a page from the bible, written in hebrew, 4k, detailed
insert_cache_51, a close up shot of a page from the bible, written in hebrew, 4k, detailed
insert_cache_51, a close up shot of a page from the bible, written in hebrew, 4k, detailed
insert_cache_51, a close up shot of a page from the bible, written in hebrew, 4k, detailed
insert_cache_51, a close up shot of a page from the bible, written in hebrew, 4k, detailed
insert_cache_51, a close up shot of a page from the bible, written in hebrew, 4k, detailed
insert_cache_51, a close up shot of a page from the bible, written in hebrew, 4k, detailed
insert_cache_51, a close up shot of a page from the bible, written in hebrew, 4k, detailed
insert_cache_51, a close up shot of a page from the bible, written in hebrew, 4k, detailed
insert_cache_51, ishowspeed
insert_cache_51, ishowspeed
insert_cache_51, ishowspeed
insert_cache_51, ishowspeed
insert_cache_51, ishowspeed
insert_cache_51, ishowspeed
insert_cache_51, ishowspeed
insert_cache_51, ishowspeed
insert_cache_51, ishowspeed
insert_cache_51, testing 123
insert_cache_51, test
insert_cache_51, better call saul
insert_cache_51, water
insert_cache_51, water girl
insert_cache_51, flying high on weed, peaceful
insert_cache_51, flying high on weed, peaceful
insert_cache_51, flying high on weed, peaceful
insert_cache_51, flying high on weed, peaceful
insert_cache_51, flying high on weed, peaceful
insert_cache_51, flying high on weed, peaceful
insert_cache_51, flying high on weed, peaceful
insert_cache_51, flying high on weed, peaceful
insert_cache_51, flying high on weed, peaceful
insert_cache_51, The house of wishes
insert_cache_51, The house of wishes
insert_cache_51, The house of wishes
insert_cache_51, The house of wishes
insert_cache_51, The house of wishes
insert_cache_51, The house of wishes
insert_cache_51, The house of wishes
insert_cache_51, The house of wishes
insert_cache_51, The house of wishes
hit 199 times, current hit rate is 0.021201789899850842
insert_cache_51, photo cat
insert_cache_51, photography cat
insert_cache_51, photography cat
insert_cache_51, blackpink not being in my area, high-res, menacing,
insert_cache_51, me not being able to come with good prompts because i'm tired as hell, my head in my hand, forcing myself to come up with something creative,
insert_cache_51, me not being able to come with good prompts because i'm tired as hell, my head in my hand, forcing myself to come up with something creative,
insert_cache_51, me not being able to come with good prompts because i'm tired as hell, my head in my hand, forcing myself to come up with something creative,
insert_cache_51, me not being able to come with good prompts because i'm tired as hell, my head in my hand, forcing myself to come up with something creative,
insert_cache_51, me not being able to come with good prompts because i'm tired as hell, my head in my hand, forcing myself to come up with something creative,
insert_cache_51, me not being able to come with good prompts because i'm tired as hell, my head in my hand, forcing myself to come up with something creative,
insert_cache_51, me not being able to come with good prompts because i'm tired as hell, my head in my hand, forcing myself to come up with something creative,
insert_cache_51, me not being able to come with good prompts because i'm tired as hell, my head in my hand, forcing myself to come up with something creative,
insert_cache_51, me not being able to come with good prompts because i'm tired as hell, my head in my hand, forcing myself to come up with something creative,
insert_cache_51, The world cracked
insert_cache_51, drama total cartoon
insert_cache_51, drama total cartoon
insert_cache_51, drama total cartoon
insert_cache_51, drama total cartoon
insert_cache_51, drama total cartoon
insert_cache_51, drama total cartoon
insert_cache_51, drama total cartoon
insert_cache_51, drama total cartoon
insert_cache_51, drama total cartoon
insert_cache_51, my money don't jiggle jiggle, surrealism
insert_cache_51, dog
insert_cache_51, dog
insert_cache_51, dog
insert_cache_51, seoifjesofijesoseifje soijsef oiesj seoifj09343 4t94390t 3t43t4t4 irdjgdrlg oigrvna
insert_cache_51, seoifjesofijesoseifje soijsef oiesj seoifj09343 4t94390t 3t43t4t4 irdjgdrlg oigrvna
insert_cache_51, seoifjesofijesoseifje soijsef oiesj seoifj09343 4t94390t 3t43t4t4 irdjgdrlg oigrvna
insert_cache_51, seoifjesofijesoseifje soijsef oiesj seoifj09343 4t94390t 3t43t4t4 irdjgdrlg oigrvna
insert_cache_51, seoifjesofijesoseifje soijsef oiesj seoifj09343 4t94390t 3t43t4t4 irdjgdrlg oigrvna
insert_cache_51, seoifjesofijesoseifje soijsef oiesj seoifj09343 4t94390t 3t43t4t4 irdjgdrlg oigrvna
insert_cache_51, seoifjesofijesoseifje soijsef oiesj seoifj09343 4t94390t 3t43t4t4 irdjgdrlg oigrvna
insert_cache_51, seoifjesofijesoseifje soijsef oiesj seoifj09343 4t94390t 3t43t4t4 irdjgdrlg oigrvna
insert_cache_51, seoifjesofijesoseifje soijsef oiesj seoifj09343 4t94390t 3t43t4t4 irdjgdrlg oigrvna
insert_cache_51, Jakerton
insert_cache_51, uncanny valley 
insert_cache_51, uncanny valley 
insert_cache_51, uncanny valley 
insert_cache_51, uncanny valley 
insert_cache_51, uncanny valley 
insert_cache_51, Infinity & beyond, energy waves, arcane, ethereal
insert_cache_51, uncanny valley 
insert_cache_51, uncanny valley 
insert_cache_51, uncanny valley 
insert_cache_51, uncanny valley 
insert_cache_51, A dog-like monster
insert_cache_51, photograph of an incredibly detailed photorealistic and incredibly photorealistic SCP-173
insert_cache_51, Quit Your Job. Buy A Ticket. Get A Tan. Fall In Love. Never Return
insert_cache_51, Quit Your Job. Buy A Ticket. Get A Tan. Fall In Love. Never Return
insert_cache_51, Quit Your Job. Buy A Ticket. Get A Tan. Fall In Love. Never Return
insert_cache_51, Quit Your Job. Buy A Ticket. Get A Tan. Fall In Love. Never Return
insert_cache_51, Quit Your Job. Buy A Ticket. Get A Tan. Fall In Love. Never Return
insert_cache_51, Quit Your Job. Buy A Ticket. Get A Tan. Fall In Love. Never Return
insert_cache_51, A depressing landscape, realistic.
insert_cache_51, idubbbzTV, HD, high detailed, 4k
insert_cache_51, idubbbzTV, HD, high detailed, 4k
insert_cache_51, idubbbzTV, HD, high detailed, 4k
insert_cache_51, idubbbzTV, HD, high detailed, 4k
insert_cache_51, idubbbzTV, HD, high detailed, 4k
insert_cache_51, idubbbzTV, HD, high detailed, 4k
insert_cache_51, idubbbzTV, HD, high detailed, 4k
insert_cache_51, idubbbzTV, HD, high detailed, 4k
insert_cache_51, idubbbzTV, HD, high detailed, 4k
insert_cache_51, fat chuck origin story
insert_cache_51, a 2d plataform videogame
insert_cache_51, a 2d plataform videogame
insert_cache_51, a 2d plataform videogame
insert_cache_51, of a man who Quit his Job, Get A Tan, Fall In Love and Never Return, in the style of a movie poster
insert_cache_51, of a man who Quit his Job, Get A Tan, Fall In Love and Never Return, in the style of a movie poster
insert_cache_51, of a man who Quit his Job, Get A Tan, Fall In Love and Never Return, in the style of a movie poster
insert_cache_51, of a man who Quit his Job, Get A Tan, Fall In Love and Never Return, in the style of a movie poster
insert_cache_51, a 2d plataform videogame
insert_cache_51, a 2d plataform videogame
insert_cache_51, a 2d plataform videogame
insert_cache_51, a 2d plataform videogame
insert_cache_51, of a man who Quit his Job, Get A Tan, Fall In Love and Never Return, in the style of a movie poster
insert_cache_51, a 2d plataform videogame
insert_cache_51, of a man who Quit his Job, Get A Tan, Fall In Love and Never Return, in the style of a movie poster
insert_cache_51, a 2d plataform videogame
insert_cache_51, a beat em up videogame
insert_cache_51, a beat em up videogame
insert_cache_51, a beat em up videogame
insert_cache_51, a beat em up videogame
insert_cache_51, a beat em up videogame
insert_cache_51, a beat em up videogame
insert_cache_51, a beat em up videogame
insert_cache_51, a beat em up videogame
insert_cache_51, a beat em up videogame
insert_cache_51, A photo of a horrifying and ominous large pitch black cloud of nothingness, horror movie, fantasy, epic
insert_cache_51, Le renouveau, ou aussi dit le nouveau départ, de stable diffusion, une intelligence artitifielle super méga cool, réaliste, photographie moderne.
insert_cache_51, A photo of a Great Old One hosting a cooking show on the food network
insert_cache_51, 100 canker sores
insert_cache_51, 100 canker sores
insert_cache_51, 100 canker sores
insert_cache_51, 100 canker sores
insert_cache_51, 100 canker sores
insert_cache_51, 100 canker sores
insert_cache_51, 100 canker sores
hit 299 times, current hit rate is 0.022243713733075435
insert_cache_51, 100 canker sores
insert_cache_51, 100 canker sores
insert_cache_51, canker sore mouth ulcer painful ouch this hurts inside mouth 4k photography extremely detailed
insert_cache_51, canker sore mouth ulcer painful ouch this hurts inside mouth 4k photography extremely detailed
insert_cache_51, canker sore mouth ulcer painful ouch this hurts inside mouth 4k photography extremely detailed
insert_cache_51, canker sore mouth ulcer painful ouch this hurts inside mouth 4k photography extremely detailed
insert_cache_51, canker sore mouth ulcer painful ouch this hurts inside mouth 4k photography extremely detailed
insert_cache_51, canker sore mouth ulcer painful ouch this hurts inside mouth 4k photography extremely detailed
insert_cache_51, canker sore mouth ulcer painful ouch this hurts inside mouth 4k photography extremely detailed
insert_cache_51, canker sore mouth ulcer painful ouch this hurts inside mouth 4k photography extremely detailed
insert_cache_51, canker sore mouth ulcer painful ouch this hurts inside mouth 4k photography extremely detailed
insert_cache_51, a new design for the Microsoft logo
insert_cache_51, A wizard's laboratory
insert_cache_51, A wizard's laboratory
insert_cache_51, A wizard's laboratory
insert_cache_51, A wizard's laboratory
insert_cache_51, Face of god portrayed in the galaxy
insert_cache_51, A young boy has worked his entire way up becoming a politician, then succeeding to unite the entire globe under 1 nation, somewhere he does a speech, and someone that in that time is the best painter makes a portrait of the Leader with all the people and armies infront of him, the painting is of very high quality and a lot of coherency
insert_cache_51, the “man” at the bottom of the sea
insert_cache_51, the “man” at the bottom of the sea
insert_cache_51, the “man” at the bottom of the sea
insert_cache_51, the “man” at the bottom of the sea
insert_cache_51, the “man” at the bottom of the sea
insert_cache_51, the “man” at the bottom of the sea
insert_cache_51, the “man” at the bottom of the sea
insert_cache_51, the “man” at the bottom of the sea
insert_cache_51, the “man” at the bottom of the sea
insert_cache_51, earth after human extinction, a new beginning, nature taking back the planet, harmony, peace, earth balanced blur, people, humans, pollution
insert_cache_51, someone is stealing my images, can A. I. stop them. show me
insert_cache_51, beautiful female
insert_cache_51, beautiful female
insert_cache_51, beautiful female
insert_cache_51, beautiful female
insert_cache_51, beautiful female
insert_cache_51, beautiful female
insert_cache_51, beautiful female
insert_cache_51, beautiful female
insert_cache_51, beautiful female
insert_cache_51, Los videos de promos mas calientes
insert_cache_51, Los videos de promos mas calientes
insert_cache_51, Los videos de promos mas calientes
insert_cache_51, Los videos de promos mas calientes
insert_cache_51, Los videos de promos mas calientes
insert_cache_51, Los videos de promos mas calientes
insert_cache_51, Los videos de promos mas calientes
insert_cache_51, Los videos de promos mas calientes
insert_cache_51, Los videos de promos mas calientes
insert_cache_51, logan w hall
insert_cache_51,  backrooms mall 
insert_cache_51,  backrooms mall 
insert_cache_51,  backrooms mall 
insert_cache_51,  backrooms mall 
insert_cache_51,  backrooms mall 
insert_cache_51,  backrooms mall 
insert_cache_51,  backrooms mall 
insert_cache_51,  backrooms mall 
insert_cache_51,  backrooms mall 
insert_cache_51,  liminal spaces mall
insert_cache_51,  liminal spaces mall
insert_cache_51,  liminal spaces mall
insert_cache_51,  liminal spaces mall
insert_cache_51,  liminal spaces mall
insert_cache_51,  liminal spaces mall
insert_cache_51,  liminal spaces mall
insert_cache_51,  liminal spaces mall
insert_cache_51,  liminal spaces mall
insert_cache_51,   a white room full of spiders and centipedes 
insert_cache_51,   a white room full of spiders and centipedes 
insert_cache_51,   a white room full of spiders and centipedes 
insert_cache_51,   a white room full of spiders and centipedes 
insert_cache_51,   a white room full of spiders and centipedes 
insert_cache_51,   a white room full of spiders and centipedes 
insert_cache_51,   a white room full of spiders and centipedes 
insert_cache_51,   a white room full of spiders and centipedes 
insert_cache_51,   a white room full of spiders and centipedes 
insert_cache_51,   a white room full of spiders and centipedes 
insert_cache_51,   a white room full of spiders and centipedes 
insert_cache_51,   a white room full of spiders and centipedes 
insert_cache_51,   a white room full of spiders and centipedes 
insert_cache_51,   a white room full of spiders and centipedes 
insert_cache_51,   a white room full of spiders and centipedes 
insert_cache_51,   a white room full of spiders and centipedes 
insert_cache_51,   a white room full of spiders and centipedes 
insert_cache_51,   a white room full of spiders and centipedes 
insert_cache_51,   a   room full of spiders and centipedes 
insert_cache_51,   a   room full of spiders and centipedes 
insert_cache_51,   a   room full of spiders and centipedes 
insert_cache_51,   a   room full of spiders and centipedes 
insert_cache_51,   a   room full of spiders and centipedes 
insert_cache_51,   a   room full of spiders and centipedes 
insert_cache_51,   a   room full of spiders and centipedes 
insert_cache_51,   a   room full of spiders and centipedes 
insert_cache_51,   a   room full of spiders and centipedes 
insert_cache_51,   a white room full of insects mutants 
insert_cache_51,   a white room full of insects mutants 
insert_cache_51,   a white room full of insects mutants 
insert_cache_51,   a white room full of insects mutants 
insert_cache_51,   a white room full of insects mutants 
insert_cache_51,   a white room full of insects mutants 
insert_cache_51,   a white room full of insects mutants 
hit 399 times, current hit rate is 0.025815217391304348
insert_cache_51,   a white room full of insects mutants 
insert_cache_51,   a white room full of insects mutants 
insert_cache_51, Character design police man
insert_cache_51, Character design police man
insert_cache_51, Character design police man
insert_cache_51, Character design police man
insert_cache_51, Character design police man
insert_cache_51, Character design police man
insert_cache_51, Character design police man
insert_cache_51, Character design police man
insert_cache_51, Character design police man
insert_cache_51, snout collar neck neck paws Snake Cobra Lion Costume Camouflaged Serpent neck ASPCA National Geographic Wikipedia Demiurge pet adoption quill splatterpaint
insert_cache_51, soup
insert_cache_51, map of the world in the year 2050
insert_cache_51, Meg the stallion music video
insert_cache_51, phat girl and friends
insert_cache_51, lemon party
insert_cache_51, everything everywhere all at once, photograph high definition
insert_cache_51, everything everywhere all at once, photograph high definition
insert_cache_51, everything everywhere all at once, photograph high definition
insert_cache_51, everything everywhere all at once, photograph high definition
insert_cache_51, everything everywhere all at once, photograph high definition
insert_cache_51, everything everywhere all at once, photograph high definition
insert_cache_51, scary teacher
insert_cache_51, scary teacher
insert_cache_51, scary teacher
insert_cache_51, scary teacher
insert_cache_51, scary teacher
insert_cache_51, scary teacher
insert_cache_51, aesthetically pleasing image of the whitewinged angel of death wearing a crimson and black robe descending on the innocent in their graves 
insert_cache_51, aesthetically pleasing image of the whitewinged angel of death wearing a crimson and black robe descending on the innocent in their graves 
insert_cache_51, aesthetically pleasing image of the whitewinged angel of death wearing a crimson and black robe descending on the innocent in their graves 
insert_cache_51, aesthetically pleasing image of the whitewinged angel of death wearing a crimson and black robe descending on the innocent in their graves 
insert_cache_51, aesthetically pleasing image of the whitewinged angel of death wearing a crimson and black robe descending on the innocent in their graves 
insert_cache_51, aesthetically pleasing image of the whitewinged angel of death wearing a crimson and black robe descending on the innocent in their graves 
insert_cache_51, aesthetically pleasing image of the whitewinged angel of death wearing a crimson and black robe descending on the innocent in their graves 
insert_cache_51, aesthetically pleasing image of the whitewinged angel of death wearing a crimson and black robe descending on the innocent in their graves 
insert_cache_51, aesthetically pleasing image of the whitewinged angel of death wearing a crimson and black robe descending on the innocent in their graves 
insert_cache_51, throwing a wrench in monetization plans 
insert_cache_51, squidward 
insert_cache_51, squidward 
insert_cache_51, squidward 
insert_cache_51, squidward 
insert_cache_51, against the dark 
insert_cache_51, sleep paralysis 
insert_cache_51, shitpost meme 
insert_cache_51, a four panel surreal meme from the year 9 9 9 9 sent back in time to 2 0 2 2 
insert_cache_51, a four panel surreal meme from the year 9 9 9 9 sent back in time to 2 0 2 2 
insert_cache_51, a four panel surreal meme from the year 9 9 9 9 sent back in time to 2 0 2 2 
insert_cache_51, a four panel surreal meme from the year 9 9 9 9 sent back in time to 2 0 2 2 
insert_cache_51, a four panel surreal meme from the year 9 9 9 9 sent back in time to 2 0 2 2 
insert_cache_51, a four panel surreal meme from the year 9 9 9 9 sent back in time to 2 0 2 2 
insert_cache_51, a four panel surreal meme from the year 9 9 9 9 sent back in time to 2 0 2 2 
insert_cache_51, a four panel surreal meme from the year 9 9 9 9 sent back in time to 2 0 2 2 
insert_cache_51, a four panel surreal meme from the year 9 9 9 9 sent back in time to 2 0 2 2 
insert_cache_51, meme about ai, caption reads it's robo time 
insert_cache_51, < a : w _ loltaopoint : 8 5 7 3 8 6 8 2 0 6 8 1 9 9 0 1 4 5 > 
insert_cache_51, ✅ 
insert_cache_51, 🦶 
insert_cache_51, 🦶 
insert_cache_51, 🦶 
insert_cache_51, 🦶 
insert_cache_51, 🦶 
insert_cache_51, 🦶 
insert_cache_51, 🦶 
insert_cache_51, 🦶 
insert_cache_51, 🦶 
insert_cache_51, donald trump 😎 
insert_cache_51, mom 
insert_cache_51, man : - ) 
insert_cache_51, bregman divergences being discovered in 1 9 8 6 
insert_cache_51, 🤠🌜✨🤡, cinematic 
insert_cache_51, ☠☠🕵☠☠ 
insert_cache_51, ☠☠🕵☠☠ 
insert_cache_51, ☠☠🕵☠☠ 
insert_cache_51, ☠☠🕵☠☠ 
insert_cache_51, ☠☠🕵☠☠ 
insert_cache_51, ☠☠🕵☠☠ 
insert_cache_51, ☠☠🕵☠☠ 
insert_cache_51, ☠☠🕵☠☠ 
insert_cache_51, ☠☠🕵☠☠ 
insert_cache_51, man made horrors beyond my comprehension 
insert_cache_51, john wayne 😜 
insert_cache_51, john wayne 😜 
insert_cache_51, stoned ape theory, psilocybin mushrooms, abstract, evolution 
insert_cache_51, stoned ape theory, psilocybin mushrooms, abstract, evolution 
insert_cache_51, john wayne 😜 
insert_cache_51, stoned ape theory, psilocybin mushrooms, abstract, evolution 
insert_cache_51, john wayne 😜 
insert_cache_51, john wayne 😜 
insert_cache_51, john wayne 😜 
insert_cache_51, john wayne 😜 
insert_cache_51, john wayne 😜 
insert_cache_51, john wayne 😜 
insert_cache_51, stoned ape theory, psilocybin mushrooms, abstract, evolution 
insert_cache_51, stoned ape theory, psilocybin mushrooms, abstract, evolution 
insert_cache_51, chuck norris counted to infinity — three times 
insert_cache_51, stoned ape theory, psilocybin mushrooms, abstract, evolution 
insert_cache_51, stoned ape theory, psilocybin mushrooms, abstract, evolution 
insert_cache_51, stoned ape theory, psilocybin mushrooms, abstract, evolution 
hit 499 times, current hit rate is 0.025577938387410938
insert_cache_51, stoned ape theory, psilocybin mushrooms, abstract, evolution 
insert_cache_51, $ $ $ 
insert_cache_51, dream ÷ reality 
insert_cache_51, dream ÷ reality 
insert_cache_51, dream ÷ reality 
insert_cache_51, dream ÷ reality 
insert_cache_51, dream ÷ reality 
insert_cache_51, dream ÷ reality 
insert_cache_51, dream ÷ reality 
insert_cache_51, dream ÷ reality 
insert_cache_51, gpu question mark 
insert_cache_51, gpu question mark 
insert_cache_51, gpu question mark 
insert_cache_51, dream ÷ reality 
insert_cache_51, gpu question mark 
insert_cache_51, gpu question mark 
insert_cache_51, gpu question mark 
insert_cache_51, gpu question mark 
insert_cache_51, gpu question mark 
insert_cache_51, gpu question mark 
insert_cache_51, living / dead 
insert_cache_51, # @ &? 
insert_cache_51, 2 + 7 & 9 ^ 2 
insert_cache_51, 2 + 7 & 9 ^ 2 
insert_cache_51, 2 + 7 & 9 ^ 2 
insert_cache_51, 2 + 7 & 9 ^ 2 
insert_cache_51, 2 + 7 & 9 ^ 2 
insert_cache_51, 2 + 7 & 9 ^ 2 
insert_cache_51, 2 + 7 & 9 ^ 2 
insert_cache_51, 2 + 7 & 9 ^ 2 
insert_cache_51, 2 + 7 & 9 ^ 2 
insert_cache_51, apple π 
insert_cache_51, mcdonald's ™ 
insert_cache_51, dog 
insert_cache_51, dog 
insert_cache_51, dog 
insert_cache_51, dog 
insert_cache_51, dog 
insert_cache_51, dog 
insert_cache_51, dog 
insert_cache_51, dog 
insert_cache_51, dog 
insert_cache_51, working off debt on the streets 
insert_cache_51, working off debt on the streets 
insert_cache_51, working off debt on the streets 
insert_cache_51, working off debt on the streets 
insert_cache_51, working off debt on the streets 
insert_cache_51, working off debt on the streets 
insert_cache_51, dog dog dog dog dog dog dog as the monalisa 
insert_cache_51, dog dog dog dog dog dog dog as the monalisa 
insert_cache_51, dog dog dog dog dog dog dog as the monalisa 
insert_cache_51, dog dog dog dog dog dog dog as the monalisa 
insert_cache_51, dog dog dog dog dog dog dog as the monalisa 
insert_cache_51, dog dog dog dog dog dog dog as the monalisa 
insert_cache_51, dog dog dog dog dog dog dog as the monalisa 
insert_cache_51, dog dog dog dog dog dog dog as the monalisa 
insert_cache_51, dog dog dog dog dog dog dog as the monalisa 
insert_cache_51, love at first sight, gorgeous couple 
insert_cache_51, love at first sight, gorgeous couple 
insert_cache_51, love at first sight, gorgeous couple 
insert_cache_51, love at first sight, gorgeous couple 
insert_cache_51, love at first sight, gorgeous couple 
insert_cache_51, love at first sight, gorgeous couple 
insert_cache_51, love at first sight, gorgeous couple 
insert_cache_51, love at first sight, gorgeous couple 
insert_cache_51, love at first sight, gorgeous couple 
insert_cache_51, hand!!!, accurate, photorealistic, 
insert_cache_51, hand!!!, accurate, photorealistic, 
insert_cache_51, hand!!!, accurate, photorealistic, 
insert_cache_51, hand!!!, accurate, photorealistic, 
insert_cache_51, hand!!!, accurate, photorealistic, 
insert_cache_51, hand!!!, accurate, photorealistic, 
insert_cache_51, hand!!!, accurate, photorealistic, 
insert_cache_51, hand!!!, accurate, photorealistic, 
insert_cache_51, hand!!!, accurate, photorealistic, 
insert_cache_51, a portrait of internet comment etiquette 
insert_cache_51, a portrait of internet comment etiquette 
insert_cache_51, a portrait of internet comment etiquette 
insert_cache_51, a portrait of internet comment etiquette 
insert_cache_51, a portrait of internet comment etiquette 
insert_cache_51, a portrait of internet comment etiquette 
insert_cache_51, a portrait of internet comment etiquette 
insert_cache_51, a portrait of internet comment etiquette 
insert_cache_51, a portrait of internet comment etiquette 
insert_cache_51, riding into the danger zone 
insert_cache_51, cybernetic evil warzone bladed weapons razor projectiles humanoids goin stupid, desert scene 
insert_cache_51, screenshot of revenge of the sith 
insert_cache_51, screenshot of revenge of the sith 
insert_cache_51, screenshot of revenge of the sith 
insert_cache_51, screenshot of revenge of the sith 
insert_cache_51, screenshot of revenge of the sith 
insert_cache_51, screenshot of revenge of the sith 
insert_cache_51, screenshot of revenge of the sith 
insert_cache_51, cybernetic evil warzone bladed weapons razor projectiles humanoids goin stupid, desert scene 
insert_cache_51, screenshot of revenge of the sith 
insert_cache_51, cybernetic evil warzone bladed weapons razor projectiles humanoids goin stupid, desert scene 
insert_cache_51, cybernetic evil warzone bladed weapons razor projectiles humanoids goin stupid, desert scene 
insert_cache_51, cybernetic evil warzone bladed weapons razor projectiles humanoids goin stupid, desert scene 
insert_cache_51, cybernetic evil warzone bladed weapons razor projectiles humanoids goin stupid, desert scene 
insert_cache_51, cybernetic evil warzone bladed weapons razor projectiles humanoids goin stupid, desert scene 
hit 599 times, current hit rate is 0.02813527477689056
insert_cache_51, cybernetic evil warzone bladed weapons razor projectiles humanoids goin stupid, desert scene 
insert_cache_51, cybernetic evil warzone bladed weapons razor projectiles humanoids goin stupid, desert scene 
insert_cache_51, screenshot of revenge of the sith 
insert_cache_51, a screenshot from snow white and the seven dwarves 
insert_cache_51, a screenshot from snow white and the seven dwarves 
insert_cache_51, a screenshot from snow white and the seven dwarves 
insert_cache_51, a screenshot from snow white and the seven dwarves 
insert_cache_51, a screenshot from snow white and the seven dwarves 
insert_cache_51, a screenshot from snow white and the seven dwarves 
insert_cache_51, a screenshot from snow white and the seven dwarves 
insert_cache_51, a screenshot from snow white and the seven dwarves 
insert_cache_51, a screenshot from snow white and the seven dwarves 
insert_cache_51, teeth 
insert_cache_51, teeth 
insert_cache_51, teeth 
insert_cache_51, teeth 
insert_cache_51, teeth 
insert_cache_51, teeth 
insert_cache_51, teeth 
insert_cache_51, teeth 
insert_cache_51, teeth 
insert_cache_51, too many teeth 
insert_cache_51, too many teeth 
insert_cache_51, too many teeth 
insert_cache_51, too many teeth 
insert_cache_51, too many teeth 
insert_cache_51, too many teeth 
insert_cache_51, too many teeth 
insert_cache_51, too many teeth 
insert_cache_51, too many teeth 
insert_cache_51, snakefly, prehistoric bugs, giant insects, carnivore, scary but 
insert_cache_51, goodnight from the san francisco bay area 
insert_cache_51, apotheosis 
insert_cache_51, apotheosis 
insert_cache_51, apotheosis 
insert_cache_51, apotheosis 
insert_cache_51, apotheosis 
insert_cache_51, apotheosis 
insert_cache_51, apotheosis 
insert_cache_51, apotheosis 
insert_cache_51, apotheosis 
insert_cache_51, dwarf fortress 
insert_cache_51, fox news female host 
insert_cache_51, fox news female host 
insert_cache_51, fox news female host 
insert_cache_51, fox news female host 
insert_cache_51, fox news female host 
insert_cache_51, fox news female host 
insert_cache_51, dwarf fortress 
insert_cache_51, dwarf fortress 
insert_cache_51, dwarf fortress 
insert_cache_51, dwarf fortress 
insert_cache_51, dwarf fortress 
insert_cache_51, dwarf fortress 
insert_cache_51, dwarf fortress 
insert_cache_51, fox news female host 
insert_cache_51, fox news female host 
insert_cache_51, fox news female host 
insert_cache_51, dwarf fortress 
insert_cache_51, fox news female host 
insert_cache_51, fox news female host 
insert_cache_51, fox news female host 
insert_cache_51, fox news female host 
insert_cache_51, fox news female host 
insert_cache_51, fox news female host 
insert_cache_51, fox news female host 
insert_cache_51, fox news female host 
insert_cache_51, fox news female host 
insert_cache_51, “ a row of identical pretty women, clones, hyper realistic, in the style of houston sharp ” 
insert_cache_51, “ a row of identical pretty women, clones, hyper realistic, in the style of houston sharp ” 
insert_cache_51, “ a row of identical pretty women, clones, hyper realistic, in the style of houston sharp ” 
insert_cache_51, “ a row of identical pretty women, clones, hyper realistic, in the style of houston sharp ” 
insert_cache_51, “ a row of identical pretty women, clones, hyper realistic, in the style of houston sharp ” 
insert_cache_51, “ a row of identical pretty women, clones, hyper realistic, in the style of houston sharp ” 
insert_cache_51, “ a row of identical pretty women, clones, hyper realistic, in the style of houston sharp ” 
insert_cache_51, “ a row of identical pretty women, clones, hyper realistic, in the style of houston sharp ” 
insert_cache_51, “ a row of identical pretty women, clones, hyper realistic, in the style of houston sharp ” 
insert_cache_51, the backrooms 
insert_cache_51, the backrooms 
insert_cache_51, the backrooms 
insert_cache_51, the backrooms 
insert_cache_51, the backrooms 
insert_cache_51, the backrooms 
insert_cache_51, the backrooms 
insert_cache_51, the backrooms 
insert_cache_51, the backrooms 
insert_cache_51, quandale dingle 
insert_cache_51, quandale dingle 
insert_cache_51, quandale dingle 
insert_cache_51, quandale dingle 
insert_cache_51, quandale dingle 
insert_cache_51, quandale dingle 
insert_cache_51, quandale dingle 
insert_cache_51, quandale dingle 
insert_cache_51, quandale dingle 
insert_cache_51, necoarc 
insert_cache_51, necoarc 
insert_cache_51, necoarc 
insert_cache_51, necoarc 
insert_cache_51, necoarc 
hit 699 times, current hit rate is 0.030817388237368838
insert_cache_51, necoarc 
insert_cache_51, necoarc 
insert_cache_51, necoarc 
insert_cache_51, necoarc 
insert_cache_51, 2 0 / 2 4 vision 
insert_cache_51, futuristic society where everybody has 2 0 / 2 4 vision 
insert_cache_51, of a beautiful 🌸 
insert_cache_51, vietnam war footage 
insert_cache_51, vietnam war footage 
insert_cache_51, vietnam war footage 
insert_cache_51, vietnam war footage 
insert_cache_51, vietnam war footage 
insert_cache_51, vietnam war footage 
insert_cache_51, vietnam war footage 
insert_cache_51, vietnam war footage 
insert_cache_51, the book cover for nineteen eighty - four but its published by a totalitarian regime 
insert_cache_51, the book cover for nineteen eighty - four but its published by a totalitarian regime 
insert_cache_51, the book cover for nineteen eighty - four but its published by a totalitarian regime 
insert_cache_51, the book cover for nineteen eighty - four but its published by a totalitarian regime 
insert_cache_51, the book cover for nineteen eighty - four but its published by a totalitarian regime 
insert_cache_51, the book cover for nineteen eighty - four but its published by a totalitarian regime 
insert_cache_51, the book cover for nineteen eighty - four but its published by a totalitarian regime 
insert_cache_51, the book cover for nineteen eighty - four but its published by a totalitarian regime 
insert_cache_51, a terrifying demon hovering over a flesh pit, stunning digital masterpiece 
insert_cache_51, a terrifying demon hovering over a flesh pit, stunning digital masterpiece 
insert_cache_51, a terrifying demon hovering over a flesh pit, stunning digital masterpiece 
insert_cache_51, a terrifying demon hovering over a flesh pit, stunning digital masterpiece 
insert_cache_51, a terrifying demon hovering over a flesh pit, stunning digital masterpiece 
insert_cache_51, a terrifying demon hovering over a flesh pit, stunning digital masterpiece 
insert_cache_51, temple of doom 
insert_cache_51, a terrifying demon hovering over a flesh pit, stunning digital masterpiece 
insert_cache_51, a terrifying demon hovering over a flesh pit, stunning digital masterpiece 
insert_cache_51, a terrifying demon hovering over a flesh pit, stunning digital masterpiece 
insert_cache_51, screenshot of a demon in bloodborne, stunning character design 
insert_cache_51, screenshot of a demon in bloodborne, stunning character design 
insert_cache_51, screenshot of a demon in bloodborne, stunning character design 
insert_cache_51, screenshot of a demon in bloodborne, stunning character design 
insert_cache_51, screenshot of a demon in bloodborne, stunning character design 
insert_cache_51, screenshot of a demon in bloodborne, stunning character design 
insert_cache_51, screenshot of a demon in bloodborne, stunning character design 
insert_cache_51, screenshot of a demon in bloodborne, stunning character design 
insert_cache_51, screenshot of a demon in bloodborne, stunning character design 
insert_cache_51, suicide 
insert_cache_51, suicide 
insert_cache_51, suicide 
insert_cache_51, suicide 
insert_cache_51, suicide 
insert_cache_51, suicide 
insert_cache_51, suicide 
insert_cache_51, suicide 
insert_cache_51, suicide 
insert_cache_51, trollface 
insert_cache_51, a still from the davinci code ( 2 0 0 6 ) 
insert_cache_51, a still from the davinci code ( 2 0 0 6 ) 
insert_cache_51, a still from the davinci code ( 2 0 0 6 ) 
insert_cache_51, a still from the davinci code ( 2 0 0 6 ) 
insert_cache_51, a still from the davinci code ( 2 0 0 6 ) 
insert_cache_51, a still from the davinci code ( 2 0 0 6 ) 
insert_cache_51, a still from the davinci code ( 2 0 0 6 ) 
insert_cache_51, a still from the davinci code ( 2 0 0 6 ) 
insert_cache_51, a still from the davinci code ( 2 0 0 6 ) 
insert_cache_51, luxury architecture in the desert 
insert_cache_51, luxury architecture in the desert 
insert_cache_51, dasha 
insert_cache_51, futuristic wizard photo 
insert_cache_51, a film still from phantom menace ( 1 9 9 9 ) 
insert_cache_51, a film still from phantom menace ( 1 9 9 9 ) 
insert_cache_51, a film still from phantom menace ( 1 9 9 9 ) 
insert_cache_51, a film still from phantom menace ( 1 9 9 9 ) 
insert_cache_51, a film still from phantom menace ( 1 9 9 9 ) 
insert_cache_51, a film still from phantom menace ( 1 9 9 9 ) 
insert_cache_51, a film still from phantom menace ( 1 9 9 9 ) 
insert_cache_51, a film still from phantom menace ( 1 9 9 9 ) 
insert_cache_51, a film still from phantom menace ( 1 9 9 9 ) 
insert_cache_51, a film still from jurassic park ( 1 9 9 3 ) 
insert_cache_51, a film still from jurassic park ( 1 9 9 3 ) 
insert_cache_51, a film still from jurassic park ( 1 9 9 3 ) 
insert_cache_51, a film still from jurassic park ( 1 9 9 3 ) 
insert_cache_51, a film still from jurassic park ( 1 9 9 3 ) 
insert_cache_51, a film still from jurassic park ( 1 9 9 3 ) 
insert_cache_51, a film still from jurassic park ( 1 9 9 3 ) 
insert_cache_51, a film still from jurassic park ( 1 9 9 3 ) 
insert_cache_51, a film still from jurassic park ( 1 9 9 3 ) 
insert_cache_51, necromantic cat 
insert_cache_51, a film still from mean girls ( 2 0 0 4 ) 
insert_cache_51, a film still from mean girls ( 2 0 0 4 ) 
insert_cache_51, a film still from mean girls ( 2 0 0 4 ) 
insert_cache_51, a film still from mean girls ( 2 0 0 4 ) 
insert_cache_51, a film still from mean girls ( 2 0 0 4 ) 
insert_cache_51, a film still from mean girls ( 2 0 0 4 ) 
insert_cache_51, a film still from mean girls ( 2 0 0 4 ) 
insert_cache_51, a film still from mean girls ( 2 0 0 4 ) 
insert_cache_51, a film still from mean girls ( 2 0 0 4 ) 
insert_cache_51, a film still from love actually ( 2 0 0 3 ) 
insert_cache_51, a film still from love actually ( 2 0 0 3 ) 
insert_cache_51, a film still from love actually ( 2 0 0 3 ) 
insert_cache_51, a film still from love actually ( 2 0 0 3 ) 
insert_cache_51, a film still from love actually ( 2 0 0 3 ) 
insert_cache_51, a film still from love actually ( 2 0 0 3 ) 
insert_cache_51, a film still from love actually ( 2 0 0 3 ) 
hit 799 times, current hit rate is 0.031005044625533565
insert_cache_51, a film still from love actually ( 2 0 0 3 ) 
insert_cache_51, a film still from love actually ( 2 0 0 3 ) 
insert_cache_51, hcaptcha 
insert_cache_51, elegant luxury 
insert_cache_51, elegant luxury 
insert_cache_51, elegant luxury 
insert_cache_51, elegant luxury 
insert_cache_51, elegant luxury 
insert_cache_51, elegant luxury 
insert_cache_51, elegant luxury 
insert_cache_51, elegant luxury 
insert_cache_51, elegant luxury 
insert_cache_51, aircraft carrier battle group 
insert_cache_51, un truc leger 
insert_cache_51, un truc leger 
insert_cache_51, un truc leger 
insert_cache_51, un truc leger 
insert_cache_51, un truc leger 
insert_cache_51, un truc leger 
insert_cache_51, un truc leger 
insert_cache_51, un truc leger 
insert_cache_51, un truc leger 
insert_cache_51, mosinu awu lumae skirn es 
insert_cache_51, please dont eat me 
insert_cache_51, please dont eat me 
insert_cache_51, please dont eat me 
insert_cache_51, please dont eat me 
insert_cache_51, please dont eat me 
insert_cache_51, please dont eat me 
insert_cache_51, please dont eat me 
insert_cache_51, please dont eat me 
insert_cache_51, please dont eat me 
insert_cache_51, normal city without any people 
insert_cache_51, normal city without any people 
insert_cache_51, normal city without any people 
insert_cache_51, normal city without any people 
insert_cache_51, normal city without any people 
insert_cache_51, normal city without any people 
insert_cache_51, 🤰 
insert_cache_51, 🤰 
insert_cache_51, 🤰 
insert_cache_51, 🤰 
insert_cache_51, human pen 
insert_cache_51, chief prowling officer 
insert_cache_51, chief prowling officer 
insert_cache_51, chief prowling officer 
insert_cache_51, chief prowling officer 
insert_cache_51, chief prowling officer 
insert_cache_51, chief prowling officer 
insert_cache_51, chief prowling officer 
insert_cache_51, chief prowling officer 
insert_cache_51, chief prowling officer 
insert_cache_51, chief wandering around officer 
insert_cache_51, a very cool windows 7 wallpaper, 
insert_cache_51, a very cool windows 7 wallpaper, 
insert_cache_51, a very cool windows 7 wallpaper, 
insert_cache_51, a very cool windows 7 wallpaper, 
insert_cache_51, a very cool windows 7 wallpaper, 
insert_cache_51, a very cool windows 7 wallpaper, 
insert_cache_51, a very cool windows 7 wallpaper, 
insert_cache_51, a very cool windows 7 wallpaper, 
insert_cache_51, a very cool windows 7 wallpaper, 
insert_cache_51, not a banana 
insert_cache_51, messi with the face of ronaldo 
insert_cache_51, messi with the face of ronaldo 
insert_cache_51, messi with the face of ronaldo 
insert_cache_51, messi with the face of ronaldo 
insert_cache_51, messi with the face of ronaldo 
insert_cache_51, messi with the face of ronaldo 
insert_cache_51, messi with the face of ronaldo 
insert_cache_51, messi with the face of ronaldo 
insert_cache_51, mentally exhausted 
insert_cache_51, mentally exhausted 
insert_cache_51, mentally exhausted 
insert_cache_51, mentally exhausted 
insert_cache_51, mentally exhausted 
insert_cache_51, mentally exhausted 
insert_cache_51, mentally exhausted 
insert_cache_51, mentally exhausted 
insert_cache_51, emptiness of space 
insert_cache_51, emptiness of space 
insert_cache_51, emptiness of space 
insert_cache_51, emptiness of space 
insert_cache_51, emptiness of space 
insert_cache_51, emptiness of space 
insert_cache_51, emptiness of space 
insert_cache_51, emptiness of space 
insert_cache_51, emptiness of space 
insert_cache_51, a portrait of a non - binary person, hyperrealistic, professional photo, ultra detailed 
insert_cache_51, a cup of coffee - n 9 
insert_cache_51, a cup of coffee 
insert_cache_51, a cup of coffee 
insert_cache_51, a cup of coffee 
insert_cache_51, a cup of coffee 
insert_cache_51, a cup of coffee 
insert_cache_51, a cup of coffee 
insert_cache_51, a cup of coffee 
insert_cache_51, a cup of coffee 
insert_cache_51, a cup of coffee 
insert_cache_51, pandemonium 
hit 899 times, current hit rate is 0.02965430795619475
insert_cache_51, a car designed by jeremy clarkson 
insert_cache_51, a car designed by jeremy clarkson 
insert_cache_51, a car designed by jeremy clarkson 
insert_cache_51, a car designed by jeremy clarkson 
insert_cache_51, a car designed by jeremy clarkson 
insert_cache_51, a car designed by jeremy clarkson 
insert_cache_51, a car designed by jeremy clarkson 
insert_cache_51, a car designed by jeremy clarkson 
insert_cache_51, a car designed by jeremy clarkson 
insert_cache_51, chris broad, 
insert_cache_51, chris broad, 
insert_cache_51, chris broad, 
insert_cache_51, chris broad, 
insert_cache_51, chris broad, 
insert_cache_51, chris broad, 
insert_cache_51, chris broad, 
insert_cache_51, chris broad, 
insert_cache_51, chris broad, 
insert_cache_51, the face of the dreambotmothership 
insert_cache_51, rocket league 
insert_cache_51, eldham 
insert_cache_51, eldham 
insert_cache_51, eldham 
insert_cache_51, eldham 
insert_cache_51, eldham 
insert_cache_51, eldham 
insert_cache_51, eldham 
insert_cache_51, eldham 
insert_cache_51, eldham 
insert_cache_51, dslr photo still of a company discussing why there stocks are falling, realistic, hdr, clear image, hdd, dynamic lighting, 
insert_cache_51, dslr photo still of a company discussing why there stocks are falling, realistic, hdr, clear image, hdd, dynamic lighting, 
insert_cache_51, dslr photo still of a company discussing why there stocks are falling, realistic, hdr, clear image, hdd, dynamic lighting, 
insert_cache_51, dslr photo still of a company discussing why there stocks are falling, realistic, hdr, clear image, hdd, dynamic lighting, 
insert_cache_51, dslr photo still of a company discussing why there stocks are falling, realistic, hdr, clear image, hdd, dynamic lighting, 
insert_cache_51, dslr photo still of a company discussing why there stocks are falling, realistic, hdr, clear image, hdd, dynamic lighting, 
insert_cache_51, dslr photo still of a company discussing why there stocks are falling, realistic, hdr, clear image, hdd, dynamic lighting, 
insert_cache_51, dslr photo still of a company discussing why there stocks are falling, realistic, hdr, clear image, hdd, dynamic lighting, 
insert_cache_51, dslr photo still of a company discussing why there stocks are falling, realistic, hdr, clear image, hdd, dynamic lighting, 
insert_cache_51, farout indie game version of fallout 7 6, real gameplay footage leaked, realistic, hdr, clear image, 
insert_cache_51, farout indie game version of fallout 7 6, real gameplay footage leaked, realistic, hdr, clear image, 
insert_cache_51, farout indie game version of fallout 7 6, real gameplay footage leaked, realistic, hdr, clear image, 
insert_cache_51, farout indie game version of fallout 7 6, real gameplay footage leaked, realistic, hdr, clear image, 
insert_cache_51, farout indie game version of fallout 7 6, real gameplay footage leaked, realistic, hdr, clear image, 
insert_cache_51, farout indie game version of fallout 7 6, real gameplay footage leaked, realistic, hdr, clear image, 
insert_cache_51, farout indie game version of fallout 7 6, real gameplay footage leaked, realistic, hdr, clear image, 
insert_cache_51, farout indie game version of fallout 7 6, real gameplay footage leaked, realistic, hdr, clear image, 
insert_cache_51, farout indie game version of fallout 7 6, real gameplay footage leaked, realistic, hdr, clear image, 
insert_cache_51, latent space ai art 
insert_cache_51, latent space ai art 
insert_cache_51, latent space ai art 
insert_cache_51, latent space ai art 
insert_cache_51, latent space ai art 
insert_cache_51, latent space ai art 
insert_cache_51, latent space ai art 
insert_cache_51, latent space ai art 
insert_cache_51, latent space ai art 
insert_cache_51, 3 0 perfect woman bodies flying inside spaghetti bolognesa with meatballs and hundred rusted perfect woman bodies flying in stormy clouds 
insert_cache_51, 3 0 perfect woman bodies flying inside spaghetti bolognesa with meatballs and hundred rusted perfect woman bodies flying in stormy clouds 
insert_cache_51, 3 0 perfect woman bodies flying inside spaghetti bolognesa with meatballs and hundred rusted perfect woman bodies flying in stormy clouds 
insert_cache_51, 3 0 perfect woman bodies flying inside spaghetti bolognesa with meatballs and hundred rusted perfect woman bodies flying in stormy clouds 
insert_cache_51, 3 0 perfect woman bodies flying inside spaghetti bolognesa with meatballs and hundred rusted perfect woman bodies flying in stormy clouds 
insert_cache_51, 3 0 perfect woman bodies flying inside spaghetti bolognesa with meatballs and hundred rusted perfect woman bodies flying in stormy clouds 
insert_cache_51, 3 0 perfect woman bodies flying inside spaghetti bolognesa with meatballs and hundred rusted perfect woman bodies flying in stormy clouds 
insert_cache_51, 3 0 perfect woman bodies flying inside spaghetti bolognesa with meatballs and hundred rusted perfect woman bodies flying in stormy clouds 
insert_cache_51, 3 0 perfect woman bodies flying inside spaghetti bolognesa with meatballs and hundred rusted perfect woman bodies flying in stormy clouds 
insert_cache_51, a photography by jp bonino 
insert_cache_51, a photography by jp bonino 
insert_cache_51, a photography by jp bonino 
insert_cache_51, a photography by jp bonino 
insert_cache_51, a photography by jp bonino 
insert_cache_51, a photography by jp bonino 
insert_cache_51, a photography by jp bonino 
insert_cache_51, a photography by jp bonino 
insert_cache_51, a photography by jp bonino 
insert_cache_51, a photography by jp bonino 
insert_cache_51, fate grand order 
insert_cache_51, fate grand order 
insert_cache_51, fate grand order 
insert_cache_51, fate grand order 
insert_cache_51, fate grand order 
insert_cache_51, fate grand order 
insert_cache_51, fate grand order 
insert_cache_51, fate grand order 
insert_cache_51, fate grand order 
insert_cache_51, lost episode if gravity falls 
insert_cache_51, lost episode if gravity falls 
insert_cache_51, lost episode if gravity falls 
insert_cache_51, lost episode if gravity falls 
insert_cache_51, lost episode if gravity falls 
insert_cache_51, lost episode if gravity falls 
insert_cache_51, lost episode if gravity falls 
insert_cache_51, lost episode if gravity falls 
insert_cache_51, lost episode if gravity falls 
insert_cache_51, dog! dream test 
insert_cache_51, uncomfortable felling, surrealism 
insert_cache_51, uncomfortable felling, surrealism 
insert_cache_51, uncomfortable felling, surrealism 
insert_cache_51, uncomfortable felling, surrealism 
insert_cache_51, uncomfortable felling, surrealism 
insert_cache_51, uncomfortable felling, surrealism 
hit 999 times, current hit rate is 0.02780561122244489
hit 999 times, current hit rate is 0.02780561122244489
